141,103,232,103,232,194,141,194
1689,103,1780,103,1780,194,1689,194
141,194,232,194,232,284,141,284
232,194,323,194,323,284,232,284
1234,194,1325,194,1325,284,1234,284
1325,194,1416,194,1416,284,1325,284
1416,194,1506,194,1506,284,1416,284
1506,194,1598,194,1598,284,1506,284
1598,194,1690,194,1690,284,1598,284
1690,194,1779,194,1779,284,1690,284
141,284,232,284,232,375,141,375
232,284,323,284,323,375,232,375
1234,284,1325,284,1325,375,1234,375
1325,284,1416,284,1416,375,1325,375
1416,284,1506,284,1506,375,1416,375
1506,284,1598,284,1598,375,1506,375
1598,284,1690,284,1690,375,1598,375
1690,284,1779,284,1779,375,1690,375
141,375,232,375,232,467,141,467
232,375,323,375,323,467,232,467
323,375,416,375,416,467,323,467
416,375,506,375,506,467,416,467
506,375,596,375,596,467,506,467
596,375,687,375,687,467,596,467
687,375,780,375,780,467,687,467
780,375,870,375,870,467,780,467
870,375,961,375,961,467,870,467
961,375,1053,375,1053,467,961,467
1053,375,1144,375,1144,467,1053,467
1144,375,1234,375,1234,467,1144,467
1234,375,1325,375,1325,467,1234,467
1325,375,1416,375,1416,467,1325,467
1416,375,1506,375,1506,467,1416,467
1506,375,1598,375,1598,467,1506,467
1598,375,1690,375,1690,467,1598,467
1690,375,1779,375,1779,467,1690,467
141,467,232,467,232,558,141,558
232,467,323,467,323,558,232,558
323,467,416,467,416,558,323,558
416,467,506,467,506,558,416,558
506,467,596,467,596,558,506,558
596,467,687,467,687,558,596,558
687,467,780,467,780,558,687,558
780,467,870,467,870,558,780,558
870,467,961,467,961,558,870,558
961,467,1053,467,1053,558,961,558
1053,467,1144,467,1144,558,1053,558
1144,467,1234,467,1234,558,1144,558
1234,467,1325,467,1325,558,1234,558
1325,467,1416,467,1416,558,1325,558
1416,467,1506,467,1506,558,1416,558
1506,467,1598,467,1598,558,1506,558
1598,467,1690,467,1690,558,1598,558
1690,467,1779,467,1779,558,1690,558
141,558,232,558,232,467,141,467
232,558,323,558,323,467,232,467
350,757,441,757,441,844,350,844
441,757,534,757,534,844,441,844
534,757,625,757,625,844,534,844
625,757,715,757,715,844,625,844
715,757,806,757,806,844,715,844
806,757,898,757,898,844,806,844
898,757,988,757,988,844,898,844
988,757,1080,757,1080,844,988,844
1080,757,1170,757,1170,844,1080,844
1170,757,1262,757,1262,844,1170,844
1262,757,1352,757,1352,844,1262,844
1352,757,1444,757,1444,844,1352,844
1444,757,1535,757,1535,844,1444,844
1535,757,1625,757,1625,844,1535,844
1625,757,1716,757,1716,844,1625,844
416,558,506,558,506,649,416,649
506,558,596,558,596,649,506,649
596,558,687,558,687,649,596,649
687,558,780,558,780,649,687,649
780,558,870,558,870,649,780,649
870,558,961,558,961,649,870,649
961,558,1053,558,1053,649,961,649
1053,558,1144,558,1144,649,1053,649
1144,558,1234,558,1234,649,1144,649
1234,558,1325,558,1325,649,1234,649
1325,558,1416,558,1416,649,1325,649
1416,558,1506,558,1506,649,1416,649
1506,558,1598,558,1598,649,1506,649
1598,558,1690,558,1690,649,1598,649
1690,558,1779,558,1779,649,1690,649
141,649,232,649,232,740,141,740
232,649,323,649,323,740,232,740
350,844,441,844,441,938,350,938
441,844,534,844,534,938,441,938
534,844,625,844,625,938,534,938
625,844,715,844,715,938,625,938
715,844,806,844,806,938,715,938
806,844,898,844,898,938,806,938
898,844,988,844,988,938,898,938
988,844,1080,844,1080,938,988,938
1080,844,1170,844,1170,938,1080,938
1170,844,1262,844,1262,938,1170,938
1262,844,1352,844,1352,938,1262,938
1352,844,1444,844,1444,938,1352,938
1444,844,1535,844,1535,938,1444,938
1535,844,1625,844,1625,938,1535,938
1625,844,1716,844,1716,938,1625,938
416,649,506,649,506,740,416,740
506,649,596,649,596,740,506,740
596,649,687,649,687,740,596,740
687,649,780,649,780,740,687,740
780,649,870,649,870,740,780,740
870,649,961,649,961,740,870,740
961,649,1053,649,1053,740,961,740
1053,649,1144,649,1144,740,1053,740
1144,649,1234,649,1234,740,1144,740
1234,649,1325,649,1325,740,1234,740
1325,649,1416,649,1416,740,1325,740
1416,649,1506,649,1506,740,1416,740
1506,649,1598,649,1598,740,1506,740
1598,649,1690,649,1690,740,1598,740
1690,649,1779,649,1779,740,1690,740